cfg name = cfg1.txt
loss : 0.12977282012183147
acc : 0.9583333333333334
recall : 0.9305555075407028
