cfg name = cfg1.txt
loss : 0.4282094741721263
acc : 0.875
recall : 0.6666666169961294
