cfg name = cfg4.txt
loss : 8.546948124965043
acc : 0.5416666666666667
recall : 0.6666666169961294
